0.55563274
0.50394882
0.52161605
0.43870746
0.36495248
0.40182661
0.39584266
0.71892552
0.59880628
0.68756001
0.41995848
0.42025533
0.36276090
0.44428327
0.55916610
0.34081341
0.55167501
0.68696007
0.47133729
0.38493835
0.31414508
0.41258134
0.68538632
0.36050882
0.29232572
0.28392204
0.36308429
0.42069321
0.24474086
0.57098223
0.44953735
0.67638479
0.43131150
0.33104397
0.49011380
0.72659714
0.57750629
0.64584888
0.24299359
0.37532082
0.35063292
0.44103548
0.61590970
0.50000805
0.57470505
0.48023289
0.44059538
0.77649375
0.93634314
0.78682229
0.35590155
0.65389417
0.52874176
0.40390779
0.34339625
0.57271264
0.48489638
0.38552373
0.41285120
0.69310818
0.59099268
0.36638052
0.53009467
0.48950715
0.50965698
0.39004926
0.46851282
0.44498720
0.77696594
0.32560852
0.79992122
0.85415158
0.66958058
0.55952020
0.78170833
0.79900110
0.51948703
0.48407811
0.50602724
0.39698226
0.58675258
0.34363567
0.36913102
0.43523813
0.21182254
0.50822123
0.85364925
0.62144339
0.27164477
0.48161130
0.45547900
0.47060450
0.30938588
0.56067280
0.63102285
0.40756192
0.49876240
0.44397503
0.75892595
0.41899465
0.35264511
0.35776543
0.56449067
0.88682904
0.76898863
0.54940675
0.50645687
0.60268202
0.42123850
0.65053306
0.85742935
0.54657054
0.64720773
0.71269420
0.77952423
0.34599693
0.24870902
0.61875522
0.57367265
0.37376831
0.58924410
0.39045771
0.38294933
0.36228589
0.73273787
0.60311681
0.49840363
0.47453089
0.82482982
0.90518279
0.68545239
0.25304979
0.87182226
0.57935357
0.63391520
0.35205895
0.30337390
0.32920980
0.64098549
0.66536196
0.28944773
0.57561362
0.63616191
0.44867362
0.27105529
0.26547532
0.67155424
0.23306894
0.21095757
0.40541512
0.72674222
0.45199680
0.73641940
0.66973174
0.67708091
0.38391988
0.75366992
0.41420469
1.06818351
0.39903752
0.54511088
0.41247213
0.39145613
0.65646355
0.38179548
0.20598290
0.47524014
0.56998559
0.57293800
0.45781430
0.45796949
0.58039270
0.50396874
0.56163599
0.38451628
0.67591597
0.48930956
0.30480319
0.40022423
0.53541427
0.40673054
0.37588958
0.92323704
0.68154041
0.36041078
0.34570238
0.16395920
0.54290511
0.41102408
0.28491891
0.46677053
0.17921295
0.38530694
0.67920737
0.49491078
0.48828231
0.73923486
0.56091892
0.58626496
0.32367040
0.29180646
0.69702408
0.78467021
0.29940734
0.42490212
0.58973374
0.77611205
0.34394114
0.43365621
0.29121546
0.46749628
0.74871714
0.48441818
0.55996816
0.84343591
0.29015194
0.44312239
0.77993947
0.47469409
0.58263129
0.41002252
0.40438614
0.38052564
0.42789703
0.65549972
0.33364661
0.69133193
0.60097276
0.37586971
0.38533172
0.62430471
0.46770616
0.96153389
0.47014441
0.45747550
0.24000248
0.32121265
0.41277468
0.62943384
1.11649409
0.39108700
0.41437014
0.61052638
0.54549904
0.36229372
0.81429039
0.36462209
0.30523531
0.67765853
0.54223657
0.62952623
0.31572566
0.44188379
0.43945017
0.19968614
0.35376418
0.46004989
0.61709622
0.46248700
0.68399779
0.40572686
0.42307249
0.32166170
0.55130731
0.70786105
0.29471306
0.26687957
0.36684352
0.32574335
0.24126932
0.51315875
0.47631383
0.46661741
0.54315266
0.91090740
0.45933679
0.44047711
0.35708493
0.35551116
0.69202397
0.65540127
0.53789921
0.58846862
0.28113719
0.89388591
0.31658830
0.35604113
0.50095544
0.70527815
0.54500182
0.39005720
0.42627232
0.45095360
0.77115458
0.41479524
0.48589900
0.45009334
0.35377044
0.49875127
0.87114592
0.76910570
0.48745318
0.37590113
0.46237191
0.58656433
0.31682536
0.76521249
0.36373886
0.39525211
0.45725725
0.57538359
0.53240305
0.35345758
0.68801270
0.38267939
0.54394383
0.49791353
0.54178030
0.38812910
0.22693960
0.17507853
0.58825962
0.66784188
0.49274985
0.75199095
0.59509113
0.38487828
0.65816385
0.42305836
0.78278066
0.66161680
0.31054195
0.75381378
0.35448347
0.40656994
0.32771911
0.57507114
0.22068887
0.34966871
0.32915144
0.17423459
0.37629416
0.66730600
0.48052343
0.94193980
0.58631873
0.61917851
0.47868223
0.27508845
0.75192034
0.46778194
0.91124212
0.46717919
0.45620632
0.45829468
0.34030237
0.58897485
0.60766588
0.73639882
0.48199658
0.90647008
0.60673257
0.55630962
0.63342767
0.65195239
0.34662168
0.58044353
0.41841515
0.39814038
0.40620299
0.49114640
1.21193516
0.32362487
0.60129542
0.90888014
0.28787052
0.74050510
0.63208308
0.70700063
0.40116888
0.48980819
0.45055535
0.49886231
0.51581819
0.43544902
0.47540149
0.52926892
0.39393788
0.66256800
0.57200321
0.49696510
0.71579543
0.75946616
0.27777431
0.35241076
0.62656690
0.63568149
0.48901977
0.67430156
0.38981682
0.78500321
0.38077116
0.26204883
0.64765049
0.76364404
0.56053662
0.66128925
0.32103832
0.51132736
0.56294910
0.37644609
1.27240872
0.63683646
0.69878826
0.67241527
0.44278943
0.45543767
0.38480851
0.94962666
0.59332325
0.67918011
0.51853957
0.68205247
0.52491244
0.29969716
0.20017658
0.51266707
0.46210055
0.28787124
0.55952021
0.20949354
0.55446506
0.43218770
0.41707636
0.38562165
0.35287068
0.52278672
0.79096102
0.34537644
0.69388589
0.59556564
0.43778024
0.45888238
0.49470755
0.35249978
0.52084954
0.41253452
0.60781015
0.42774914
0.38240198
0.54060519
0.49914940
0.30982778
0.45539061
0.36746285
0.68420445
0.24021298
0.52413444
0.85152466
0.36496464
0.41148141
0.23355628
0.35700341
0.54360081
0.73524848
0.34219714
0.41218589
0.59782618
0.71186318
0.97049778
0.35769956
0.27571219
0.37645728
0.57245596
0.50260038
0.32246422
0.36684172
0.53440067
0.42537769
0.33385206
0.54522723
0.64818622
0.57748205
0.31734896
0.39196750
0.68478006
0.30171663
0.29691714
0.46568064
0.19762378
0.52500149
0.41502016
0.45752525
0.47811091
0.38669454
0.63766448
0.56242975
0.39387518
0.46228972
0.38416944
