0.26691305
0.22668461
0.24025254
0.39871467
0.21066508
0.15139968
0.20174842
0.28806787
0.15500984
0.26615012
0.22920618
0.26732068
0.18136088
0.31788732
0.20598871
0.28769871
0.23691634
0.19598676
0.26608854
0.21534956
0.17685796
0.25237097
0.16956792
0.27994322
0.20723075
0.19388658
0.28260854
0.23142078
0.24123428
0.26897628
0.21146642
0.26930113
0.17842454
0.18941546
0.27201915
0.23263443
0.18394648
0.17713077
0.23095075
0.21503895
0.21158644
0.18729022
0.31361308
0.27328592
0.25317040
0.16992213
0.21269738
0.22576037
0.24275011
0.18519823
0.16897030
0.33442617
0.23854744
0.21139052
0.22485674
0.16625845
0.26504884
0.25386561
0.24503426
0.30723480
0.19173983
0.21281211
0.24258499
0.30350953
0.24906771
0.24789620
0.23053149
0.28431322
0.26450414
0.28710355
0.24462906
0.22532281
0.25093184
0.23809845
0.27437433
0.19328897
0.19330663
0.22134573
0.28739749
0.17062813
0.24478491
0.17978840
0.21554329
0.21631725
0.20606181
0.17043735
0.18169001
0.32702696
0.15234010
0.17265048
0.23738834
0.21198366
0.21762494
0.20243585
0.25899566
0.24037883
0.18918435
0.27486476
0.20314203
0.16979670
0.18735446
0.16193676
0.25998977
0.17466769
0.27157078
0.30069565
0.22913160
0.19410418
0.20404870
0.18527149
0.24234442
0.21282672
0.18735166
0.19705749
0.20401743
0.27008359
0.18912005
0.18194644
0.21393692
0.33620523
0.25132300
0.18529703
0.23687178
0.23463162
0.29530473
0.19799819
0.19348266
0.27456596
0.23006411
0.28027094
0.24528868
0.17252361
0.19007736
0.23247458
0.21604412
0.31616520
0.21676961
0.16014214
0.18158466
0.22606976
0.16455830
0.16093307
0.22533680
0.20285428
0.23277455
0.29492129
0.18144992
0.24651130
0.15628267
0.24804423
0.20289189
0.24190033
0.21821962
0.16842842
0.17604054
0.19982580
0.20406148
0.17199301
0.28335952
0.17038286
0.25950825
0.27170902
0.18890119
0.16792088
0.25562429
0.22844773
0.18521348
0.18325785
0.19367160
0.20010649
0.17659546
0.22962315
0.25429242
0.26545845
0.26997479
0.21031988
0.23237519
0.20380458
0.18408495
0.33677020
0.27726860
0.23056049
0.21037638
0.18658011
0.19836026
0.23473521
0.16356974
0.28103006
0.23189541
0.19065014
0.14932943
0.23231139
0.18738739
0.21156103
0.18612305
0.25672372
0.25443770
0.28534929
0.24032071
0.23720803
0.21208187
0.21951093
0.16213055
0.16920012
0.19635285
0.19449677
0.26615624
0.23462710
0.16576738
0.22756320
0.18662768
0.22345286
0.24921227
0.16594751
0.35759219
0.24357583
0.26824101
0.26196818
0.16117655
0.19501363
0.17529697
0.19271669
0.20093448
0.22652000
0.24253688
0.24649292
0.25883789
0.23426892
0.24877109
0.21595706
0.24615809
0.25609103
0.24905918
0.19773786
0.17009451
0.20157879
0.17943172
0.32809195
0.22339493
0.21948218
0.18667078
0.26379113
0.19754183
0.27782172
0.28320980
0.17562660
0.27811677
0.26586662
0.25041265
0.24233088
0.33199149
0.18943687
0.21845328
0.25949055
0.25073807
0.17116071
0.21499999
0.20086186
0.21303320
0.26368632
0.20240793
0.14286224
0.30937392
0.20631922
0.20172441
0.21263744
0.24209491
0.19198338
0.22440388
0.34023697
0.23012294
0.17750879
0.19605237
0.17055963
0.22324621
0.20337803
0.29799047
0.25994389
0.21827777
0.23909816
0.24126977
0.17881950
0.26963639
0.18580989
0.19812911
0.18152885
0.20673131
0.23521331
0.21817775
0.26335537
0.28240984
0.23127930
0.20625954
0.22210296
0.16601916
0.18122769
0.24361710
0.24392758
0.29597983
0.25633578
0.18526773
0.29311173
0.25968863
0.16706133
0.18976867
0.25736188
0.22660317
0.21371534
0.19979877
0.19144795
0.20143549
0.18956376
0.17787427
0.21101525
0.23064293
0.19621223
0.24819179
0.19741602
0.19632404
0.23438214
0.23338924
0.25199055
0.23665730
0.19565788
0.24701710
0.18755909
0.21943096
0.26254644
0.24004114
0.15093282
0.16282463
0.30655974
0.16651042
0.18855443
0.20656699
0.24536356
0.21404727
0.21810241
0.17966941
0.28677152
0.19521526
0.27115664
0.27788427
0.22720262
0.20683227
0.15289101
0.20695932
0.18785037
0.20223356
0.22759687
0.24791721
0.22851855
0.20682336
0.22027012
0.22060373
0.21356884
0.19108317
0.21239654
0.14532149
0.21325332
0.17046851
0.15312757
0.31091720
0.34180239
0.19151373
0.18650759
0.18802759
0.25093286
0.22240438
0.24864828
0.20767622
0.12657538
0.21197364
0.16619604
0.28999388
0.21350277
0.21909747
0.17978538
0.34702604
0.29166350
0.19122460
0.20807647
0.27109363
0.22530391
0.22604548
0.26285702
0.22020703
0.23604842
0.25068426
0.26121112
0.18554338
0.20880665
0.26213594
0.21564728
0.28050891
0.12247113
0.24490799
0.24738359
0.17043564
0.20309451
0.26430763
0.21835935
0.15704065
0.21481481
0.18773799
0.20750956
0.21331997
0.26682493
0.17046251
0.21244908
0.19076861
0.21868176
0.16061030
0.22103339
0.25653697
0.18651933
0.20588918
0.25332846
0.20412755
0.18654085
0.23579556
0.20714934
0.30257538
0.18252269
0.24379399
0.20577509
0.27109647
0.24715189
0.22553860
0.17916852
0.25994618
0.21818050
0.15333064
0.18165331
0.18877709
0.20151228
0.16894502
0.25943013
0.25029577
0.21200078
0.20747212
0.19045519
0.26841279
0.28060789
0.17596641
0.17175290
0.30016060
0.27001552
0.22665226
0.18944112
0.27104708
0.23075220
0.28939960
0.14371693
0.22757772
0.29188636
0.21196434
0.16744812
0.21861240
0.25126149
0.24451633
0.22139291
0.22976805
0.22226511
0.27067670
0.28159470
0.33324968
0.17097261
0.23627334
0.27090770
0.20650856
0.22333019
0.23206176
0.21690291
0.30860186
0.26528911
0.27198191
0.18359691
0.26842181
0.18260911
0.27985384
0.22651100
0.28309832
0.23563605
0.26822481
0.25855452
0.17882036
0.24560916
0.28240144
0.22685717
0.22660999
0.23773630
0.26206109
0.25701780
0.26773832
0.29121597
0.21567860
0.23308216
0.23721656
0.24493597
