0.56424945
0.32359866
0.40296563
0.45634753
0.57745578
0.38926469
0.81487260
0.55538880
0.29369061
0.43209340
0.53029400
0.48014754
0.54815525
0.37340371
0.50638751
0.47384758
0.76916441
0.41024819
0.29804068
0.41504052
0.37371547
0.71902460
0.44597270
0.47444195
0.52552396
0.37940989
0.29606064
0.28810003
0.71831340
0.72912274
0.51634999
0.46138249
0.37987607
0.56955647
0.26475456
0.68460456
0.48051200
0.53267962
0.47364374
0.62490197
0.43580748
0.60733497
0.36933233
0.57358439
0.59856162
0.52578618
0.25438077
0.41675540
0.37022401
0.43506493
0.42802395
0.48981236
0.86877871
0.45682084
0.83102994
0.45559126
0.44701663
0.52046973
0.49569247
0.44769849
0.93305282
0.66287757
0.19769410
0.69276359
0.65523838
0.33893739
0.69869225
0.26717092
0.49108087
0.36302568
0.67295877
0.39481504
0.35512159
0.27089074
0.39490787
0.36826864
0.35733482
0.64784830
0.56369278
0.53881762
0.53895552
0.45997577
0.25172441
0.85921208
0.29978430
0.59532525
0.42924311
0.60240769
0.45259954
0.43199560
0.67940401
0.56846840
0.44578052
0.67809406
0.33577066
0.66966801
0.77444801
0.50794597
0.73903066
0.58124216
1.37524949
0.50057906
0.59905486
0.51924489
0.46743340
0.25733661
0.44610872
0.70544436
0.36379070
0.38924110
0.38982444
0.62731127
0.34764214
0.46764008
0.52958917
0.42036798
0.21653518
0.98303326
0.48043020
0.77440031
0.27113864
0.74681625
0.45851883
0.35049482
0.48814513
0.74026475
0.37563298
1.05816250
0.28255707
0.47761802
0.64474571
0.53189240
0.34893900
0.38922655
0.77613976
0.39296546
0.57471318
0.47511515
0.49858842
0.61529636
0.31519010
0.55023151
0.79452662
0.82864656
0.49858549
0.69759385
0.45224245
0.28393269
0.77443682
0.86459175
0.79546697
0.71775185
0.42698871
0.38338055
0.78866273
0.40689113
0.37459709
0.53741665
0.31060066
0.52165273
0.32233365
0.37101217
0.49121668
0.68435916
0.50168320
0.69183509
0.18855600
0.58055230
0.40081541
0.50416059
0.82477161
0.41243974
0.49504476
0.49854566
0.24981919
0.69875423
0.33639177
0.42001894
0.77057382
0.72846441
0.65054230
0.76507412
0.81939778
0.58605950
0.46570907
0.55463000
0.38292055
0.59371572
0.39551621
0.89618938
0.39334862
0.98038499
1.02345491
0.32503516
0.62839249
0.32680110
0.42358039
0.40938781
0.51983949
0.99124624
0.63848744
0.32267678
0.29993078
0.53523474
0.34809521
0.68595610
0.48548097
0.41965791
0.69808675
0.33689393
0.38993682
0.36438313
0.67294366
0.50439860
0.33620964
0.58061441
0.55011766
0.45530730
0.31757361
0.32855047
0.37161697
0.52127510
0.34465817
0.56535827
0.58195566
0.97653497
0.57845232
0.41501000
0.54070364
0.40702598
1.11821264
0.47486003
0.62430004
0.63211094
0.50574108
0.51208446
0.73954998
0.67509358
0.19454745
0.63589194
0.72985649
0.49928217
0.36426312
0.57320139
0.29568655
0.83143607
0.52656145
0.55815464
0.33677462
0.50692940
0.40842501
0.42025759
0.33856887
0.33144115
0.66372995
0.74007848
0.51777777
0.55852897
0.76264040
0.51533826
0.31853089
0.58398476
0.19636143
0.27909534
0.28913378
0.80653530
0.46283045
0.54483537
0.49117416
0.44686256
0.53857363
0.61682132
0.19560548
0.43542940
0.50122420
0.46250812
0.69060483
0.60052708
0.42903358
0.53270163
0.64905484
0.24388308
0.46263764
1.06487766
0.75120817
0.47522021
0.70128141
0.82848568
0.53122399
0.39332001
0.51148301
0.56737303
0.55867890
0.55738039
0.35059234
0.28667160
0.79497789
0.60554945
0.64555671
0.45283876
0.61771542
0.49913091
0.68105007
0.40671266
0.37606403
0.95540947
0.53484021
0.77914358
0.82243033
0.20741992
0.54050408
0.52424302
0.49667448
0.39087753
0.51102067
0.66102344
0.64836287
0.18150129
0.28654396
0.43592874
0.42161764
0.44336091
0.43513287
0.40004358
0.47494444
0.75038023
0.75009640
0.40867305
0.51657287
0.66163796
0.47105909
0.36614393
0.72301599
0.46444134
0.28115489
0.52518379
0.67559681
0.47249631
0.60310756
0.42862516
0.49369757
0.40292471
0.63779346
0.30646826
0.75854414
0.95881117
0.51354269
0.37835138
0.46294619
0.73975393
0.49949091
0.54846872
0.25078897
0.97800469
0.43315644
0.58953118
0.44556348
0.32632028
0.60379451
0.25053946
0.69988107
0.37344286
0.33142507
0.38663155
0.32828021
0.31776044
0.42270671
0.63379456
0.54136711
0.84646455
0.45168262
0.43446181
0.41832339
0.57534003
0.60949711
0.72932946
0.39601812
0.51942289
0.43157839
0.41005472
0.43449588
0.28352185
0.43239564
0.20942398
0.32465330
0.53257596
0.34882999
0.61478148
0.40835339
0.75319767
0.41706895
0.31912301
0.36243407
0.73772038
0.54976209
0.43224119
0.55721517
0.56939196
0.51165228
0.30065544
0.51276659
0.49416732
0.41052000
0.23136629
0.43265836
0.78196473
0.52288334
0.59721477
0.56548570
0.31684282
0.36248491
0.38712237
0.40880001
0.34192607
0.49110521
0.62711229
0.71894930
0.61838093
0.43905685
0.49977258
0.62606939
0.56784324
0.53788016
0.67760156
0.59803037
0.58002996
0.69417658
0.28148440
0.25665690
0.50602829
0.74009710
0.52643921
0.58133984
0.52511271
0.81957215
0.47728524
0.57959678
0.24522621
0.13613596
0.46404189
0.46218482
0.42138636
0.34971614
0.45805137
0.44563705
0.48532594
0.40814590
0.46754617
0.30502916
0.50121695
0.50762857
0.59639393
0.44246457
0.29155372
0.39643615
0.73299497
0.25460573
0.55801007
0.53385787
0.21625118
0.43974463
0.33793873
0.45655211
0.63180366
0.43534661
0.37143073
0.61454818
0.63873436
0.41287434
0.71250426
0.54189582
0.35993982
0.86500979
0.63738360
0.48010914
0.74909366
0.48709919
0.59272801
0.30306822
0.51920790
0.87369932
0.30827600
0.69858467
0.45516831
0.65725531
0.52179029
0.25702359
0.34276724
0.45499442
0.23954430
0.43839937
0.42627379
0.35531270
0.44748008
0.62131353
0.37086972
0.37059644
0.33494886
0.72295145
0.60392550
