0.050211
0.040353
0.038436
0.044918
0.058444
0.076638
0.096575
0.114951
0.128091
0.132116
0.123437
0.099584
0.060347
0.009094
-0.046703
-0.097024
-0.132162
-0.144851
-0.131409
-0.092848
-0.035313
0.031633
0.098035
0.155700
0.199179
0.226319
0.238220
0.237743
0.227269
0.207469
0.177695
0.137462
0.088112
0.034004
-0.017471
-0.058030
-0.081815
-0.087123
-0.076043
-0.053940
-0.029124
-0.010968
-0.006590
-0.018637
-0.045227
-0.080883
-0.117663
-0.146901
-0.161283
-0.156161
-0.130336
-0.087008
-0.033590
0.020450
0.065908
0.095274
0.104209
0.093324
0.068423
0.038105
0.010723
-0.007333
-0.012389
-0.004165
0.014260
0.037629
0.059797
0.074398
0.075402
0.058478
0.023195
-0.025549
-0.078664
-0.125757
-0.157806
-0.169234
-0.159449
-0.132964
-0.097425
-0.060835
-0.029712
-0.008293
0.001959
0.002330
-0.004433
-0.016048
-0.031786
-0.052008
-0.076506
-0.102593
-0.124465
-0.135142
-0.129880
-0.107990
-0.072339
-0.028366
0.016508
0.054367
0.079356
0.089280
0.085441
0.071899
0.054630
0.039985
0.032683
0.034725
0.045657
0.063363
0.084769
0.106266
0.123878
0.133459
0.131144
0.114051
0.081161
0.034396
-0.020545
-0.074780
-0.118555
-0.143673
-0.144889
-0.120893
-0.075154
-0.015340
0.049080
0.109350
0.158845
0.193782
0.213561
0.220048
0.215664
0.201681
0.177895
0.143629
0.099290
0.047801
-0.004691
-0.049780
-0.079865
-0.091083
-0.083901
-0.062418
-0.033946
-0.008019
0.006487
0.004485
-0.014248
-0.045739
-0.082880
-0.116788
-0.138915
-0.143051
-0.126453
-0.090637
-0.041563
0.011879
0.060233
0.095159
0.110812
0.105538
0.082918
0.050533
0.017078
-0.009963
-0.025483
-0.027465
-0.017361
0.000539
0.020286
0.035163
0.038543
0.025594
-0.004284
-0.046253
-0.091648
-0.130930
-0.155989
-0.162010
-0.149193
-0.122806
-0.090799
-0.060853
-0.038776
-0.027898
-0.028646
-0.038751
-0.054773
-0.073947
-0.094833
-0.116346
-0.135889
-0.148414
-0.148245
-0.132452
-0.102228
-0.061823
-0.017262
0.024476
0.057005
0.076663
0.083196
0.078867
0.067663
0.054810
0.045471
0.042913
0.047841
0.059142
0.074806
0.092454
0.109461
0.122865
0.129264
0.125027
0.106978
0.073593
0.026561
-0.028113
-0.080865
-0.121310
-0.140923
-0.134497
-0.101323
-0.046117
0.021936
0.092209
0.155442
0.205047
0.237732
0.253771
0.255989
0.247470
0.229695
0.202392
0.164776
0.117314
0.063171
0.008729
-0.037818
-0.069654
-0.083729
-0.080842
-0.065038
-0.043445
-0.025125
-0.018036
-0.026249
-0.049286
-0.082858
-0.119928
-0.152215
-0.172188
-0.174473
-0.156426
-0.119138
-0.068255
-0.012630
0.038307
0.076316
0.095580
0.094506
0.076994
0.050956
0.025006
0.006166
-0.000978
0.005086
0.022374
0.046273
0.071137
0.091256
0.101154
0.095953
0.072558
0.031584
-0.021454
-0.077226
-0.125356
-0.157170
-0.167674
-0.156606
-0.128269
-0.089834
-0.048976
-0.012164
0.016166
0.034139
0.042392
0.042885
0.037158
0.025348
0.006559
-0.019743
-0.051998
-0.085395
-0.112398
-0.125475
-0.120280
-0.096819
-0.058829
-0.013091
0.031475
0.066129
0.085210
0.087454
0.075530
0.055029
0.033217
0.017131
0.011551
0.018055
0.035326
0.059996
0.087539
0.112903
0.130989
0.137240
0.128370
0.103089
0.062707
0.011538
-0.043395
-0.093717
-0.131605
-0.151224
-0.149518
-0.126857
-0.087200
-0.037112
0.016026
0.065559
0.106530
0.136246
0.154259
0.161429
0.158547
0.145563
0.121861
0.087302
0.043461
-0.005334
-0.051711
-0.086786
-0.103497
-0.099317
-0.076489
-0.041079
-0.002137
0.030018
0.047023
0.045227
0.026112
-0.004842
-0.039418
-0.068281
-0.083342
-0.079906
-0.057651
-0.020477
0.024598
0.069179
0.105075
0.125529
0.126505
0.107900
0.073763
0.031031
-0.012555
-0.050325
-0.077821
-0.093384
-0.098131
-0.095371
-0.089637
-0.085276
-0.084770
-0.087822
-0.092018
-0.094175
-0.091386
-0.081984
-0.066714
-0.049151
-0.034438
-0.027258
-0.030480
-0.044630
-0.067695
-0.095439
-0.122392
-0.142911
-0.151745
-0.144805
-0.120852
-0.082849
-0.037165
0.008494
0.046686
0.071543
0.080600
0.075929
0.062937
0.047936
0.036511
0.032709
0.038236
0.052003
0.070898
0.091214
0.109626
0.123408
0.130180
0.127526
0.112883
0.084239
0.041854
-0.010022
-0.063336
-0.108575
-0.137183
-0.143036
-0.123666
-0.081351
-0.022841
0.042691
0.106141
0.160139
0.200030
0.224362
0.234356
0.232279
0.219764
0.197189
0.164250
0.121191
0.070170
0.016273
-0.032675
-0.068589
-0.086465
-0.085708
-0.069537
-0.044427
-0.019435
-0.003793
-0.003540
-0.019887
-0.049732
-0.086750
-0.122534
-0.148437
-0.157661
-0.146496
-0.115071
-0.068027
-0.013688
0.038342
0.079246
0.102315
0.104488
0.087891
0.059409
0.027915
0.001434
-0.014284
-0.016447
-0.005753
0.013958
0.037005
0.056970
0.067323
0.062285
0.038722
-0.001665
-0.051945
-0.102212
0.776632
0.803874
0.846861
0.653725
-2.031499
0.783473
0.286952
0.289305
0.031750
-2.516388
2.117240
0.433273
0.698264
0.451473
-2.076759
1.944283
-0.300377
0.570606
0.474427
-2.060760
1.449505
0.123907
0.214268
0.414437
